4
5
1 4 0 -1 5
2 -3 1 1 3
1 0 2 -1 3
0 2 -3 2 3  ---------- считает правильно


3
5
4 -3 -2 1 -2
3 -1 -2 0 1
2 1 -2 -1 4   ----строка равна нулю ---> множество решений


4
5
4 -17 -6 -5 -17
43 24 -1 3 28
0 1 2 1 9
2 1 0 0 1      ----- считает правильно


3
5
2 -3 5 7 1
4 -6 2 3 2
2 -3 -11 -15 1    --------- если два нуля --> нужно проверять на наличие числа
отличного от нуля в строке, иначе нет решения


3
5
3 2 5 4 3
1 -1 -1 -4 -2
4 1 4 0 2       ----- нет решения, проверка нулей и ответа



2
5
1 1 0 3 7
0 0 1 4 1  ----не должно измениться


3
4
1 2 3 5
0 0 0 -4
0 0 1 -3    ----здесь опять проверка строки на нули и нет решения


2
4
1 2 3 5
2 4 6 6    ----- нет решения



5
6
5 16 12 11 -7 62
17 12 1 18 9 298
15 -15 3 1 -7 -127
-14 -13 -7 -5 -11 -190
-1 13 -16 -6 8 152

3
5
1 1 2 -6 -3
1 1 1 -4 0
1 1 0 -2 3

4
6
3 -8 5 -6 15 35
-9 11 19 26 21 59
7 4 -3 16 9 19
36 -15 -18 10 36 68

4
6
4 -11 13 -6 8 8
7 12 5 -3 9 54
-6 9 -17 13 -7 -16
-17 -7 -30 30 -14 -86
